[[1.47847286e+00 2.14388950e-01 9.72434572e-01 3.18596359e+00
  8.67883198e-01 1.46538440e+00 1.15655383e+00]
 [2.71434765e-01 1.58701004e+00 7.36899978e-01 3.14403710e-01
  2.30946820e-01 1.66341715e+00 6.38710156e-01]
 [4.09233011e-01 5.42123497e-01 4.48961321e+00 1.57520382e+00
  3.84724882e+00 2.36714634e+00 4.57940864e-01]
 [6.78772586e-01 1.63054187e+00 1.39818476e+00 1.19979327e+00
  9.62496268e-01 4.18758801e+00 8.40094929e-01]
 [2.78408222e-01 3.62722239e-03 1.51187056e+00 3.86708526e+00
  8.27749675e-01 1.13553674e+00 2.96363463e-01]
 [2.34487156e+00 1.06280002e+00 1.49821135e+00 3.61791366e+00
  4.53968602e-01 5.41924524e-01 8.92578696e-01]
 [2.27248463e+00 1.00285351e+00 2.12127716e+00 1.33794965e+00
  1.73616845e+00 1.09007523e+00 2.53476460e+00]]

